00100000000100000000000000000000
00100001010011000000000000000000
00100001011011010000000000000000
00000001001100001010100000100010
00010010101000000000000000000111
10001101100011100000000000000000
10101101101011100000000000000000
00100001100011000000000000000100
00100001101011010000000000000100
00100010000100000000000000000001
00000010110101101011000000100010
00010010110000001111111111110111
00000000000000001000000000100000
00100001001011111111111111111111
00010010000011110000000000010101
00000000000000001000100000100000
00000001001100000110000000100010
00100001100011101111111111111111
00000001011000001100000000100000
00010010001011100000000000001101
00100011000100110000000000000100
10001111000011000000000000000000
10001111000011010000000000000100
00000001100011011011000000101010
00010010110000000000000000000100
00100011000110000000000000000100
00100010001100010000000000000001
00000010110101101011000000100010
00010010110000001111111111110110
10101111000011010000000000000000
10101110011011000000000000000000
00000010100101001010000000100010
00010010100000001111111111111000
00100010000100000000000000000001
00000010101101011010100000100010
00010010101000001111111111101010
